START: type FIFO/Paging on 2765563117401342270137077647757670521573071674223252716234623023007011233313021171216410764516367474
**************** MEMORY ********************************************
[  2] [  2] [  2] [  5] [  5] [  5] [  5] [  5] [  5] [  7] [  7] [  7] [  1] [  1] [  1] [  2] [  2] [  2] [  2] [  1] [  1] [  1] [  0] [  0] [  0] [  0] [  0] [  7] [  7] [  7] [  7] [  7] [  7] [  0] [  0] [  0] [  0] [  5] [  5] [  5] [  0] [  0] [  0] [  0] [  7] [  7] [  7] [  7] [  3] [  3] [  3] [  3] [  3] [  1] [  1] [  1] [  3] [  3] [  3] [  2] [  2] [  2] [  2] [  2] [  2] [  2] [  7] [  7] [  7] [  7] [  7] [  3] [  3] [  3] [  3] [  3] [  3] [  3] [  3] [  3] [  7] [  7] [  7] [  7] [  7] [  4] [  4] [  4] [  7] [  7] [  7] [  5] [  5] [  5] [  3] [  3] [  3] [  3] [  3] [  3] 
[ -1] [  7] [  7] [  7] [  7] [  7] [  3] [  3] [  3] [  3] [  4] [  4] [  4] [  3] [  3] [  3] [  3] [  7] [  7] [  7] [  3] [  3] [  3] [  3] [  3] [  6] [  6] [  6] [  6] [  5] [  5] [  5] [  5] [  5] [  5] [  2] [  2] [  2] [  7] [  7] [  7] [  7] [  1] [  1] [  1] [  4] [  4] [  4] [  4] [  4] [  5] [  5] [  5] [  5] [  6] [  6] [  6] [  4] [  4] [  4] [  3] [  3] [  3] [  3] [  3] [  3] [  3] [  3] [  1] [  1] [  1] [  1] [  1] [  1] [  1] [  1] [  0] [  0] [  0] [  0] [  0] [  0] [  2] [  2] [  2] [  2] [  1] [  1] [  1] [  6] [  6] [  6] [  1] [  1] [  1] [  1] [  7] [  7] [  7] [  7] 
[ -1] [ -1] [  6] [  6] [  6] [  6] [  6] [  1] [  1] [  1] [  1] [  0] [  0] [  0] [  4] [  4] [  4] [  4] [  0] [  0] [  0] [  7] [  7] [  7] [  7] [  7] [  4] [  4] [  4] [  4] [  4] [  6] [  6] [  6] [  6] [  6] [  1] [  1] [  1] [  3] [  3] [  3] [  3] [  6] [  6] [  6] [  2] [  2] [  2] [  2] [  2] [  2] [  7] [  7] [  7] [  2] [  2] [  2] [  6] [  6] [  6] [  0] [  0] [  0] [  0] [  0] [  0] [  0] [  0] [  0] [  2] [  2] [  2] [  2] [  2] [  2] [  2] [  2] [  1] [  1] [  1] [  1] [  1] [  1] [  6] [  6] [  6] [  0] [  0] [  0] [  4] [  4] [  4] [  6] [  6] [  6] [  6] [  4] [  4] [  4] 
*********************************************************************
**************** RESULTS ********************************************
The number of Hits: 31
Hit Ratio: 0.31
The number of Faults: 69
*********************************************************************